raw data: 70 62.4 60          71 64 62       72 66 64         73 67 66        74 69 68         76 71 70         77 73 72     78 75 74         79 76 76     80 78 78     82 80 80      83 82 82      84 84 84     85 85 86      86 87 88  

starting minion exp:             70		62.4	60
progression per 2 waves:  		 1.2    1.8     2.0













57   58.8    60.6     62.4      64.2        66.0         67.8          69.6         71.4            73.2             75.0            76.8       78.6           80.4          82.2             84.0             85.8 